0 0 255 238 225 95 250 250 210
19
1 1 50 87 92 0 0 255 -1
1 2 169 96 85 0 0 255 -1
2 3 51 218 267 238 0 0 255 -1
2 4 82 260 259 281 0 0 255 -1
4 5 158 311 116 355 0 0 255 -1
4 6 214 133 192 148 0 0 255 -1
4 7 81 149 74 155 0 0 255 -1
1 8 370 134 30 0 0 255 238 0 0
1 9 486 142 29 0 0 255 238 0 0
4 10 458 154 425 246 0 0 255 238 0 0
2 11 510 257 383 290 0 0 255 238 0 0
1 12 437 80 27 0 0 255 238 0 0
4 13 494 302 418 335 0 0 255 238 0 0
2 14 822 103 758 164 0 0 255 238 225 95
1 15 615 107 72 0 0 255 238 225 95
4 16 668 123 638 158 0 0 255 238 225 95
4 17 843 153 799 189 0 0 255 238 225 95
2 18 626 221 814 235 0 0 255 238 225 95
2 19 622 278 778 347 0 0 255 238 225 95
