238 225 95 238 225 95 250 250 210
28
1 1 94 301 171 0 0 255 162 204 44
3 2 95 301 264 303 178 164 0 0 255 162 204 44
2 3 155 470 189 403 0 0 255 -1
1 4 110 328 34 0 0 255 -1
1 5 203 334 33 0 0 255 -1
4 6 148 107 62 173 238 225 95 238 225 95
4 7 612 186 568 232 0 0 255 41 195 169
0 8 588 233 584 477 0 0 255
0 9 584 479 613 536 0 0 255
0 10 582 479 541 521 0 0 255
0 11 586 300 639 393 0 0 255
0 12 583 306 512 361 0 0 255
3 13 576 186 606 190 592 142 238 225 95 162 204 44
5 14 99 557 174 -18 0 0 255 238 225 94
4 15 824 186 787 218 0 0 255 41 195 169
0 16 805 219 808 505 0 0 255
0 17 808 288 856 341 0 0 255
0 18 805 290 767 329 0 0 255
0 19 809 505 859 574 0 0 255
0 20 808 503 755 568 0 0 255
4 22 710 367 677 414 0 0 255 238 225 95
0 22 697 413 697 514 0 0 255
0 23 696 440 671 467 0 0 255
0 25 698 515 655 562 0 0 255
0 26 699 520 714 564 0 0 255
0 26 697 442 719 477 0 0 255
3 27 687 367 709 368 694 319 238 225 95 176 17 145
2 29 795 188 820 156 238 225 95 162 204 44
