0 0 255 162 204 44 250 250 210
19
3 1 216 103 217 239 55 180 0 0 255 -1
3 2 220 327 227 476 84 449 0 0 255 -1
3 3 407 93 414 193 333 156 0 0 255 -1
3 4 421 242 422 325 352 292 0 0 255 41 195 169
3 5 431 375 433 452 361 385 0 0 255 41 195 169
3 6 442 490 443 579 337 513 0 0 255 41 195 169
3 7 632 111 622 173 542 134 0 0 255 238 225 95
1 8 548 209 75 0 0 255 238 225 95
3 9 640 315 637 388 539 357 0 0 255 238 225 95
3 10 655 433 664 515 572 479 0 0 255 238 0 0
3 11 774 131 780 193 690 168 0 0 255 238 0 0
3 12 783 283 805 349 722 311 0 0 255 238 0 0
3 13 824 392 811 504 747 449 0 0 255 176 17 145
3 14 963 131 964 186 862 159 0 0 255 176 17 145
3 15 979 281 1001 338 933 309 0 0 255 176 17 145
3 16 1006 376 976 502 933 492 0 0 255 162 204 44
3 17 1133 141 1106 213 1020 186 0 0 255 162 204 44
3 18 1147 288 1148 361 1067 316 0 0 255 162 204 44
3 19 1165 422 1134 491 1086 455 0 0 255 162 204 44
